tree
version=v4
num_class=1
num_tree_per_iteration=1
label_index=0
max_feature_idx=4
objective=binary sigmoid:1
feature_names=e_ar_issued_lag1 e_ar_issued_lag_cv e_credit_note_ratio e_credit_note_ratio_lag1 f_fc_r_lag3
feature_infos=[0:5947260461.6000032] [0:1.4142135430820542] [0:1] [0:1] [0:1]
tree_sizes=983 881 881 887 986 994 885 997 987 990 989 889 997 998 994 892 999 997 991 994 993 989 995 887 988 888 883 881 983 993 1003 886 993 885 888 1005 991 997 882 1002 1000 886 889 889 1011 999 884 888 992 1005

Tree=0
num_leaves=8
num_cat=0
split_feature=0 1 3 4 1 0 0
split_gain=696.816 510.436 247.789 206.436 37.741 18.6669 6.88017
threshold=1698.7200000000003 0.28975120317592279 0.021147574119707972 0.00033902645941372037 0.7125956549218968 79.325000000000017 492.9550000000001
decision_type=10 10 10 8 10 8 10
left_child=4 2 -2 -3 5 -1 -6
right_child=1 3 -4 -5 6 -7 -8
leaf_value=-0.80868731933845484 -0.92642812819550868 -0.88059278301162058 -0.85979723489795812 -0.83201082391061354 -0.78815874597835778 -0.83872505509394213 -0.8161340086893194
leaf_weight=154.86830204725266 434.20611611008644 325.93767215311527 204.37688389420509 672.27651657164097 247.24182587862015 96.080007493495941 44.376211896538734
leaf_count=446 1863 1220 714 2127 652 311 131
internal_value=-0.853831 -0.870148 -0.905065 -0.847833 -0.804764 -0.819877 -0.792096
internal_weight=2179.36 1636.8 638.583 998.214 542.566 250.948 291.618
internal_count=7464 5924 2577 3347 1540 757 783
is_linear=0
shrinkage=1


Tree=1
num_leaves=7
num_cat=0
split_feature=0 1 2 2 2 0
split_gain=582.325 447.681 319.313 142.021 57.406 26.3733
threshold=1698.7200000000003 0.36026937939536646 0.063967737516755704 0.051110338437984869 0.49738896129319748 492.9550000000001
decision_type=10 10 8 8 8 8
left_child=4 2 -2 -3 5 -1
right_child=1 3 -4 -5 -6 -7
leaf_value=0.092597647282583614 -0.014202368306521161 0.043992160432596288 0.060830099965073693 0.087736926978960308 0.1402600515369998 0.06415067989530647
leaf_weight=391.16124381124973 565.10933887958527 644.83835355937481 188.18404756486416 262.65147373080254 56.884585455060005 116.88516020774841
leaf_count=1057 2379 2187 609 749 120 363
internal_value=0.0480557 0.0331041 0.00459767 0.0567357 0.0918743 0.0861918
internal_weight=2225.71 1660.78 753.293 907.49 564.931 508.046
internal_count=7464 5924 2988 2936 1540 1420
is_linear=0
shrinkage=0.05


Tree=2
num_leaves=7
num_cat=0
split_feature=0 1 2 2 2 0
split_gain=493.647 404.328 208.486 136.341 46.53 21.794
threshold=1698.7200000000003 0.1803408874680402 0.046608082615892728 0.066188627969075917 0.49738896129319748 492.9550000000001
decision_type=10 10 8 8 8 8
left_child=4 3 -3 -2 5 -1
right_child=1 2 -4 -5 -6 -7
leaf_value=0.085032417344883066 -0.023292899795179667 0.031910641193007586 0.076320851948994684 0.043513026945066147 0.12693394812766384 0.059477558872851014
leaf_weight=404.38837824761868 359.79331414401531 839.63315546512604 386.72763425111771 95.909782767295837 59.738236054778099 119.76560765504837
leaf_count=1057 1574 2931 1100 319 120 363
internal_value=0.0448149 0.0310325 0.045966 -0.00916807 0.084398 0.0793177
internal_weight=2265.96 1682.06 1226.36 455.703 583.892 524.154
internal_count=7464 5924 4031 1893 1540 1420
is_linear=0
shrinkage=0.05


Tree=3
num_leaves=7
num_cat=0
split_feature=0 2 4 4 2 0
split_gain=427.353 337.921 127.943 58.1966 46.9206 33.2608
threshold=4014.0800000000004 0.046608082615892728 0.00041278941978564325 0.0001689437554026014 0.49738896129319748 492.9550000000001
decision_type=10 8 8 8 8 8
left_child=4 2 -2 -3 5 -1
right_child=1 3 -4 -5 -6 -7
leaf_value=0.078570773602420874 -0.0084945039733034244 0.024412670748423234 0.02609751288062169 0.070526339300446259 0.11503371072132935 0.053474224176172758
leaf_weight=415.53885182738304 436.31834335625172 84.148098349571228 687.45181061327457 400.75863654911518 66.939663529396057 209.52711096405983
leaf_count=1057 1768 287 2455 1121 132 644
internal_value=0.0419112 0.027748 0.0126711 0.0625907 0.0747482 0.0702571
internal_weight=2300.68 1608.68 1123.77 484.907 692.006 625.066
internal_count=7464 5631 4223 1408 1833 1701
is_linear=0
shrinkage=0.05


Tree=4
num_leaves=8
num_cat=0
split_feature=1 0 2 0 2 4 0
split_gain=415.542 226.025 252.751 134.064 58.297 56.0253 3.66857
threshold=0.38999403593339105 848.21000000000015 0.020387032817183574 26181.665000000005 0.066188627969075917 0.00019693967316985022 79.325000000000017
decision_type=8 10 8 8 8 8 10
left_child=1 6 -3 5 -5 -2 -1
right_child=3 2 -4 4 -6 -7 -8
leaf_value=0.070456534354061462 0.05045280268067525 -0.017916119346737227 0.039990686683381488 0.03348247410743789 0.066039287604550717 0.083307072887138331 0.040739892102253629
leaf_weight=146.93044380843639 190.56289258599281 510.83112144470215 297.25331383943558 527.6668621301651 187.89768414199352 453.7152613401413 16.377721503376961
leaf_count=371 552 2177 951 1744 504 1117 48
internal_value=0.0392797 0.0142823 0.00340796 0.0571129 0.0421117 0.0736828 0.0677424
internal_weight=2331.24 971.393 808.084 1359.84 715.565 644.278 163.308
internal_count=7464 3547 3128 3917 2248 1669 419
is_linear=0
shrinkage=0.05


Tree=5
num_leaves=8
num_cat=0
split_feature=1 3 1 2 4 4 4
split_gain=362.293 179.637 146.499 90.521 110.538 53.7211 1.6747
threshold=0.38999403593339105 0.041446891006880794 1.0000000180025095e-35 0.70681338029423713 0.00029135032676652406 0.00015123079180628471 0.009017673495125644
decision_type=8 8 10 8 8 8 8
left_child=1 2 -1 4 -2 -3 -5
right_child=3 5 -4 6 -6 -7 -8
leaf_value=0.038475424027800992 0.027655745486541462 -0.0020860304575365906 -0.014207007659208605 0.11336894601540766 0.05960073233485217 0.05584908525684406 0.084477867279465699
leaf_weight=177.37725396454334 388.4802897721529 47.773664385080338 506.11065982282162 53.477061316370964 914.71244636178017 243.09753850102425 26.060188934206963
leaf_count=559 1265 177 2109 97 2499 702 56
internal_value=0.0368943 0.0135227 -0.000498744 0.0533417 0.0501065 0.0463591 0.105069
internal_weight=2357.09 974.359 683.488 1382.73 1303.19 290.871 79.5373
internal_count=7464 3547 2668 3917 3764 879 153
is_linear=0
shrinkage=0.05


Tree=6
num_leaves=7
num_cat=0
split_feature=0 2 4 0 2 0
split_gain=309.728 249.993 101.634 46.4365 34.6179 26.2432
threshold=4014.0800000000004 0.046608082615892728 0.00041278941978564325 66960.86500000002 0.49738896129319748 492.9550000000001
decision_type=10 8 8 10 8 8
left_child=4 2 -2 -3 5 -1
right_child=1 3 -4 -5 -6 -7
leaf_value=0.0653006172304883 -0.0091718389099243527 0.071320513815823494 0.021457919515769506 0.039863593380296353 0.095498850175612882 0.043617116927061529
leaf_weight=436.62406457960606 438.12486679852009 191.85903580486774 706.33181411027908 316.84992873668671 70.736521407961845 219.70436239242554
leaf_count=1057 1768 483 2455 925 132 644
internal_value=0.0347006 0.0227158 0.00973436 0.0518442 0.0618823 0.0581195
internal_weight=2380.23 1653.17 1144.46 508.709 727.065 656.328
internal_count=7464 5631 4223 1408 1833 1701
is_linear=0
shrinkage=0.05


Tree=7
num_leaves=8
num_cat=0
split_feature=1 3 1 2 4 4 4
split_gain=309.479 154.202 127.962 71.2357 88.3846 41.2503 1.59088
threshold=0.38999403593339105 0.021147574119707972 1.0000000180025095e-35 0.70681338029423713 0.00029135032676652406 0.00015578340271932026 0.009017673495125644
decision_type=8 8 10 8 8 8 8
left_child=1 2 -1 4 -2 -3 -5
right_child=3 5 -4 6 -6 -7 -8
leaf_value=0.032865609184673315 0.024854615709950005 0.00021561364233994114 -0.017424213069298592 0.10040189765948067 0.053180856277950751 0.045376348871710541 0.074448614481688657
leaf_weight=173.44173020124435 393.64972883462906 61.114359229803085 459.23573805391788 55.096050173044205 938.2401901781559 292.1812119781971 26.758935868740082
leaf_count=535 1265 226 1942 97 2499 844 56
internal_value=0.0326936 0.0111764 -0.00360769 0.0476815 0.0448338 0.0375869 0.0929185
internal_weight=2399.72 985.973 632.677 1413.74 1331.89 353.296 81.855
internal_count=7464 3547 2477 3917 3764 1070 153
is_linear=0
shrinkage=0.05


Tree=8
num_leaves=8
num_cat=0
split_feature=1 0 2 0 3 2 0
split_gain=273.479 164.422 187.754 99.6807 50.5603 35.817 2.17775
threshold=0.38999403593339105 848.21000000000015 0.055858421941101168 26181.665000000005 0.063967737516755704 0.0047784660705056459 79.325000000000017
decision_type=8 10 8 8 8 8 10
left_child=1 6 -3 5 -5 -2 -1
right_child=3 2 -4 4 -6 -7 -8
leaf_value=0.057141077212080428 0.049413660897400985 -0.013984881816245631 0.038869059923112077 0.023012868174827575 0.050703708432421557 0.073452714777264547 0.034158612931742528
leaf_weight=153.77634391188622 418.61635538935661 582.05898280441761 235.05038230121136 503.18835377693176 246.91431511938572 259.98916292190552 16.86748705804348
leaf_count=371 1098 2447 681 1589 659 571 48
internal_value=0.0308396 0.0105946 0.00124806 0.044819 0.0321833 0.0587181 0.0550816
internal_weight=2416.46 987.753 817.109 1428.71 750.103 678.606 170.644
internal_count=7464 3547 3128 3917 2248 1669 419
is_linear=0
shrinkage=0.05


Tree=9
num_leaves=8
num_cat=0
split_feature=1 0 3 0 3 4 0
split_gain=242.139 146.885 176.286 88.7391 41.6833 39.8591 1.91671
threshold=0.38999403593339105 848.21000000000015 0.021147574119707972 28638.755000000005 0.063967737516755704 8.2191284770078733e-05 79.325000000000017
decision_type=8 10 10 8 8 8 10
left_child=1 6 -3 5 -5 -2 -1
right_child=3 2 -4 4 -6 -7 -8
leaf_value=0.053816336747116555 0.033805337943984534 -0.016615868898562432 0.031452867324418307 0.021720599157398206 0.047002298005844947 0.061858044236196265 0.032303226658157068
leaf_weight=155.137341350317 172.31020438671112 514.11214596033096 301.89118766784668 497.92006811499596 244.31327620148659 526.70489394664764 16.998420864343643
leaf_count=371 481 2197 931 1563 647 1226 48
internal_value=0.0291396 0.0100612 0.00118452 0.0422041 0.0300944 0.0550011 0.0518908
internal_weight=2429.39 988.139 816.003 1441.25 742.233 699.015 172.136
internal_count=7464 3547 3128 3917 2210 1707 419
is_linear=0
shrinkage=0.05


Tree=10
num_leaves=8
num_cat=0
split_feature=0 1 2 1 2 2 2
split_gain=218.72 139.771 79.1265 91.8504 68.981 32.0749 21.147
threshold=52554.970000000008 0.17121980121727773 0.059072803980267548 0.72974340949021288 0.046608082615892728 0.17442262181721199 0.072783787568859504
decision_type=10 10 8 10 8 8 10
left_child=2 5 3 -1 -3 -2 -4
right_child=1 4 6 -5 -6 -7 -8
leaf_value=0.020660027637497646 -0.025549092005834918 0.011342536471898711 0.084090952010403161 0.051281393957023927 0.04175700626616894 0.028210658126670698 0.054513655758662218
leaf_weight=553.58912731707096 245.60442720353603 566.26809133589268 88.352155297994614 441.56694087386131 277.78346185386181 30.430060505867004 236.50100763142109
leaf_count=1780 1070 1950 167 1098 741 90 568
internal_value=0.0275596 0.011294 0.0413427 0.0342851 0.0213897 -0.0195422 0.0627913
internal_weight=2440.1 1120.09 1320.01 995.156 844.052 276.034 324.853
internal_count=7464 3851 3613 2878 2691 1160 735
is_linear=0
shrinkage=0.05


Tree=11
num_leaves=7
num_cat=0
split_feature=0 1 4 4 2 1
split_gain=198.168 216.607 108.675 75.9936 20.0244 12.1283
threshold=1698.7200000000003 0.1803408874680402 0.00026698796214686429 6.8403453693821961e-05 0.49738896129319748 1.3444213151178519
decision_type=8 8 8 8 8 10
left_child=4 3 -3 -2 5 -1
right_child=1 2 -4 -5 -6 -7
leaf_value=0.042784222525951099 -0.051205255140214283 0.0061780481992006839 0.036725695884136059 -0.0011886060151034849 0.079328760866647141 0.05981586300209666
leaf_weight=349.18310086429119 94.883611753582954 410.45905393362045 1004.5229799300432 365.41003577411175 60.524714544415474 164.90173129737377
leaf_count=857 465 1432 2810 1428 108 364
internal_value=0.026077 0.0181878 0.027875 -0.0115875 0.0517478 0.0483529
internal_weight=2449.89 1875.28 1414.98 460.294 574.61 514.085
internal_count=7464 6135 4242 1893 1329 1221
is_linear=0
shrinkage=0.05


Tree=12
num_leaves=8
num_cat=0
split_feature=0 1 4 0 3 3 3
split_gain=184.001 113.638 73.3959 83.6179 69.3663 43.2458 40.9669
threshold=52554.970000000008 0.17121980121727773 8.2191284770078733e-05 1698.7200000000003 0.01174815553968281 0.030213519938584076 0.11169574629063551
decision_type=10 10 8 10 10 10 10
left_child=2 6 3 -1 -3 -4 -2
right_child=1 4 5 -5 -6 -7 -8
leaf_value=0.042858964156661079 -0.026993334348419412 0.0062621947093471596 0.038028516288722426 -0.010129111450186769 0.035016315336063579 0.062854674182132725 0.024467453635908392
leaf_weight=141.94650745391846 226.41138760745525 482.92424623668194 806.74418856203556 154.7461603730917 370.52204026281834 228.11860865354538 45.781481072306633
leaf_count=343 1021 1652 2161 588 1039 521 139
internal_value=0.0246983 0.0098042 0.0372723 0.0152808 0.0187721 0.0435564 -0.01828
internal_weight=2457.19 1125.64 1331.56 296.693 853.446 1034.86 272.193
internal_count=7464 3851 3613 931 2691 2682 1160
is_linear=0
shrinkage=0.05


Tree=13
num_leaves=8
num_cat=0
split_feature=1 0 3 0 3 4 0
split_gain=171.902 108.712 139.685 61.5397 36.0103 30.0373 2.04947
threshold=0.38999403593339105 848.21000000000015 0.0086176258668756254 26181.665000000005 0.13734000646626918 8.2191284770078733e-05 79.325000000000017
decision_type=8 10 10 8 10 8 10
left_child=1 6 -3 5 -5 -2 -1
right_child=3 2 -4 4 -6 -7 -8
leaf_value=0.044867688150867446 0.026738875100547885 -0.018319073361425426 0.023308304663023183 0.019997766444235218 0.050738728128947211 0.051021470437249805 0.024349486038717276
leaf_weight=157.66054812073708 173.17697596549988 465.27399292588234 353.92740571498871 661.10567507147789 111.14012508094311 524.02899730205536 17.454824343323708
leaf_count=371 474 2017 1111 1976 272 1195 48
internal_value=0.0233996 0.00733349 -0.000327909 0.0342585 0.0244818 0.0450369 0.0429724
internal_weight=2463.77 994.317 819.201 1469.45 772.246 697.206 175.115
internal_count=7464 3547 3128 3917 2248 1669 419
is_linear=0
shrinkage=0.05


Tree=14
num_leaves=8
num_cat=0
split_feature=0 3 2 0 4 2 4
split_gain=153.706 84.748 66.8075 72.6765 66.0497 20.3654 18.623
threshold=52554.970000000008 0.067511518179741228 0.059072803980267548 492.9550000000001 0.00035026898746071139 0.072783787568859504 0.0013297493372531422
decision_type=10 10 8 8 8 10 10
left_child=2 4 3 -1 -2 -4 -3
right_child=1 6 5 -5 -6 -7 -8
leaf_value=0.043709637132850046 -0.018620081467764713 0.039239051272975313 0.074164530365190218 0.016301140152896521 0.010822931853036795 0.04537111976991489 0.011558979544564453
leaf_weight=402.64287994801998 294.67651024460793 213.42009122669697 87.711528792977333 608.61351101100445 534.37428575754166 239.75707979500294 86.303477719426155
leaf_count=933 1207 575 167 1945 1814 568 255
internal_value=0.0221976 0.00859603 0.033651 0.0272465 0.000347929 0.0532857 0.0313337
internal_weight=2467.5 1128.77 1338.72 1011.26 829.051 327.469 299.724
internal_count=7464 3851 3613 2878 3021 735 830
is_linear=0
shrinkage=0.05


Tree=15
num_leaves=7
num_cat=0
split_feature=0 2 4 2 2 4
split_gain=139.211 139.409 79.7569 36.8964 17.132 4.90331
threshold=848.21000000000015 0.066188627969075917 0.00041278941978564325 0.066188627969075917 0.49738896129319748 0.0001689437554026014
decision_type=8 8 8 10 8 8
left_child=4 2 -2 -3 5 -1
right_child=1 3 -4 -5 -6 -7
leaf_value=0.031637822503987618 -0.0094644355887420831 0.083487145930232348 0.015381770132150672 0.033008515315347202 0.070058970809336207 0.043579909582402016
leaf_weight=133.87948434054852 497.47654245793819 38.774066403508186 917.03775668144226 479.67709666490555 55.553868502378464 348.76120588183403
leaf_count=332 1955 73 2954 1253 102 795
internal_value=0.0210594 0.0147833 0.00664299 0.0369372 0.0435315 0.0403396
internal_weight=2471.16 1932.97 1414.51 518.451 538.195 482.641
internal_count=7464 6235 4909 1326 1229 1127
is_linear=0
shrinkage=0.05


Tree=16
num_leaves=8
num_cat=0
split_feature=1 0 3 1 4 0 3
split_gain=150.417 85.6689 117.048 52.0799 66.0593 5.58644 2.14936
threshold=0.39922639496610574 848.21000000000015 0.0086176258668756254 1.3444213151178519 0.00035899846571858747 412.84000000000009 0.061070511596883897
decision_type=8 10 10 10 8 10 8
left_child=1 6 -3 4 -2 -5 -1
right_child=3 2 -4 5 -6 -7 -8
leaf_value=0.040378087892512307 0.0057961812499981585 -0.018160438508588835 0.019603895681858191 0.054286323979576515 0.032649960418310468 0.040733328424870284 0.026879637806145558
leaf_weight=125.50712199509144 323.30336229503155 467.21689815819263 364.24190750718117 158.17473159730434 788.42411847412586 195.74396449327469 50.941784009337425
leaf_count=294 1028 2027 1126 333 2023 507 126
internal_value=0.0199918 0.00511586 -0.00161312 0.0302114 0.0248528 0.0469264 0.0366544
internal_weight=2473.55 1007.91 831.459 1465.65 1111.73 353.919 176.449
internal_count=7464 3573 3153 3891 3051 840 420
is_linear=0
shrinkage=0.05


Tree=17
num_leaves=8
num_cat=0
split_feature=1 2 0 1 4 4 2
split_gain=135.027 87.6593 104.171 47.1273 59.4 37.5561 9.53017
threshold=0.39922639496610574 0.063967737516755704 848.21000000000015 1.3444213151178519 0.00035899846571858747 0.00015578340271932026 0.00051956968084270621
decision_type=8 8 10 10 8 8 10
left_child=1 2 -1 4 -2 -3 -5
right_child=3 5 -4 6 -6 -7 -8
leaf_value=0.032786576904292437 0.0055008356344420813 -0.012420174922280362 -0.013476396136030201 0.050356022370815372 0.030946328132446788 0.037939729880418029 0.032214548149640358
leaf_weight=152.28260588645935 323.6727551817894 43.957426905632019 589.36076955497265 238.76699784398079 790.24178752303123 220.22113010287285 115.50384673476219
leaf_count=367 1028 150 2492 554 2023 564 286
internal_value=0.0189911 0.00487114 -0.0039458 0.0286545 0.0235641 0.029545 0.0445486
internal_weight=2474.01 1005.82 741.643 1468.19 1113.91 264.179 354.271
internal_count=7464 3573 2859 3891 3051 714 840
is_linear=0
shrinkage=0.05


Tree=18
num_leaves=8
num_cat=0
split_feature=1 0 3 0 3 4 3
split_gain=121.438 72.4826 94.3995 44.3528 27.4414 25.4617 1.86565
threshold=0.36026937939536646 79.325000000000017 0.021147574119707972 26866.920000000009 0.066276576298949216 8.2191284770078733e-05 0.21005290606980639
decision_type=8 10 10 8 10 8 8
left_child=1 6 -3 5 -5 -2 -1
right_child=3 2 -4 4 -6 -7 -8
leaf_value=0.038487732107372455 0.019287056462618132 -0.01539334916548808 0.020182613030712351 0.013676259275884851 0.035539400571978894 0.04135694929127285 0.025071906833120647
leaf_weight=113.24621503055096 176.43343517184258 498.39883941411972 296.58036014437675 621.82492621243 186.74346424639225 535.41914549469948 44.673785582184792
leaf_count=261 484 2161 885 1863 470 1230 110
internal_value=0.0180485 0.00404732 -0.00211246 0.0268151 0.0187633 0.0359216 0.0348742
internal_weight=2473.32 952.899 794.979 1520.42 808.568 711.853 157.92
internal_count=7464 3417 3046 4047 2333 1714 371
is_linear=0
shrinkage=0.05


Tree=19
num_leaves=8
num_cat=0
split_feature=1 2 1 2 1 4 4
split_gain=109.59 75.6912 57.8868 47.6631 40.9779 33.1118 3.36203
threshold=0.39922639496610574 0.063967737516755704 1.0000000180025095e-35 0.70681338029423713 1.3444213151178519 0.00015578340271932026 0.009017673495125644
decision_type=8 8 10 8 10 8 8
left_child=1 2 -1 4 -2 -3 -5
right_child=3 5 -4 6 -6 -7 -8
leaf_value=0.018052167890898873 0.018886332954154733 -0.012212387535288548 -0.012811540179342365 0.071529564741732318 0.0391658058641133 0.035095052848867693 0.045286760202376063
leaf_weight=212.99359323084354 1065.8415841758251 43.853759676218033 522.95211347937584 52.685607179999352 326.30291357636452 221.14883735775948 26.058903694152832
leaf_count=634 2953 150 2225 97 785 564 56
internal_value=0.0171594 0.00439041 -0.00386675 0.0258398 0.0236643 0.0272499 0.0635218
internal_weight=2471.84 1000.95 735.946 1470.89 1392.14 265.003 78.7445
internal_count=7464 3573 2859 3891 3738 714 153
is_linear=0
shrinkage=0.05


Tree=20
num_leaves=8
num_cat=0
split_feature=0 1 2 1 3 3 2
split_gain=108.659 76.1887 50.9624 50.8394 43.0528 24.5873 18.1434
threshold=52554.970000000008 0.17121980121727773 0.059072803980267548 1.3444213151178519 0.01174815553968281 0.11169574629063551 0.072783787568859504
decision_type=10 10 8 10 10 10 10
left_child=2 5 3 -1 -3 -2 -4
right_child=1 4 6 -5 -6 -7 -8
leaf_value=0.014707937428515333 -0.025363313522087951 0.0022951776869870951 0.06337062612760426 0.042504092673841309 0.024729886686498826 0.014070875130151029 0.035953343993597453
leaf_weight=804.97440326213837 220.12525814771652 488.32021683454514 84.049665480852127 206.5392906665802 379.77204342186451 47.452076837420464 239.36941906809807
leaf_count=2409 1021 1652 167 469 1039 139 568
internal_value=0.0163133 0.00493795 0.0259798 0.02042 0.0121271 -0.0183437 0.0432519
internal_weight=2470.6 1135.67 1334.93 1011.51 868.092 267.577 323.419
internal_count=7464 3851 3613 2878 2691 1160 735
is_linear=0
shrinkage=0.05


Tree=21
num_leaves=8
num_cat=0
split_feature=0 1 2 1 2 0 2
split_gain=98.1481 69.0242 47.68 45.3566 38.9702 24.2788 19.4527
threshold=52554.970000000008 0.17121980121727773 0.00638852090295458 1.3444213151178519 0.046608082615892728 3154754.7750000008 0.70681338029423713
decision_type=10 10 8 10 8 10 8
left_child=2 5 3 -1 -3 -2 -4
right_child=1 4 6 -5 -6 -7 -8
leaf_value=0.01183277732546322 -0.021382340581169498 0.0040754382496196789 0.032953312461339389 0.040014224438683292 0.026588421706233652 0.041729384905959135 0.061000000167742575
leaf_weight=686.6233517229557 249.82727813720703 583.33730447292328 392.95858258008957 179.81917634606361 286.03562279045582 15.312170907855032 74.863814145326614
leaf_count=2080 1110 1950 973 411 741 50 149
internal_value=0.0155125 0.00469451 0.0247005 0.0177209 0.0115046 -0.0175945 0.0375621
internal_weight=2468.78 1134.51 1334.26 866.443 869.373 265.139 467.822
internal_count=7464 3851 3613 2491 2691 1160 1122
is_linear=0
shrinkage=0.05


Tree=22
num_leaves=8
num_cat=0
split_feature=0 1 4 1 2 2 0
split_gain=88.7025 62.4789 50.7791 53.2813 35.3379 29.9872 22.0171
threshold=52554.970000000008 0.17121980121727773 8.2191284770078733e-05 0.74013571596177374 0.020387032817183574 0.062461342967088433 3154754.7750000008
decision_type=10 10 8 10 8 8 10
left_child=2 6 3 -1 -3 -4 -2
right_child=1 4 5 -5 -6 -7 -8
leaf_value=-0.01578996326858181 -0.020502228909644923 0.0025161289500838977 0.023741928912629374 0.026395321141185299 0.02299337566707331 0.043450580663655335 0.039266209796509549
leaf_weight=149.14435589313507 247.62445102632046 513.88986088335514 776.15629038214684 148.32047195732594 356.41998441517353 259.53724905848503 15.516340017318724
leaf_count=548 1110 1734 2103 383 957 579 50
internal_value=0.0147541 0.00446472 0.0234922 0.00526222 0.010919 0.0287179 -0.0168426
internal_weight=2466.61 1133.45 1333.16 297.465 870.31 1035.69 263.141
internal_count=7464 3851 3613 931 2691 2682 1160
is_linear=0
shrinkage=0.05


Tree=23
num_leaves=7
num_cat=0
split_feature=0 1 3 3 2 1
split_gain=84.7204 103.867 51.2308 43.5756 14.9924 6.99437
threshold=848.21000000000015 0.1803408874680402 0.020101071311323274 0.056854752531726012 0.49738896129319748 1.3444213151178519
decision_type=8 8 8 10 8 10
left_child=4 3 -3 -2 5 -1
right_child=1 2 -4 -5 -6 -7
leaf_value=0.024745656511557704 -0.020542972179042149 0.0079256829607155521 0.026844288547681245 0.015511066942202924 0.057870781761798155 0.038131611184465314
leaf_weight=327.2425861209631 342.37497636675835 886.17427575588226 600.66175909340382 110.04994812607765 50.054121881723404 147.53978019952774
leaf_count=798 1570 2779 1556 330 102 329
internal_value=0.0140329 0.00920041 0.0155815 -0.0117582 0.0318372 0.0289768
internal_weight=2464.1 1939.26 1486.84 452.425 524.836 474.782
internal_count=7464 6235 4335 1900 1229 1127
is_linear=0
shrinkage=0.05


Tree=24
num_leaves=8
num_cat=0
split_feature=1 3 0 0 2 3 1
split_gain=80.605 93.149 67.7065 42.187 13.4044 12.0919 0.961975
threshold=0.94897848397013684 0.020101071311323274 848.21000000000015 77727.24500000001 0.48091839036839784 0.13939354480401256 1.4105885187222016
decision_type=10 8 10 8 8 10 10
left_child=1 2 -1 -3 5 -2 -6
right_child=4 3 -4 -5 6 -7 -8
leaf_value=0.025694824440503486 0.023541546963256738 0.035386940481097091 -0.0073534093338185925 0.01104700617751809 0.060039201442804585 0.046141998961491161 0.040063258986400743
leaf_weight=186.98361091315746 547.27140916883945 315.06874248385429 881.79290387034416 410.77267278730869 30.222249820828438 67.020430937409401 20.923601061105728
leaf_count=454 1418 774 3374 1187 61 149 47
internal_value=0.0133564 0.00783698 -0.00155297 0.0216465 0.0282077 0.0260783 0.0527921
internal_weight=2460.06 1794.62 1068.78 725.841 665.438 614.292 51.1459
internal_count=7464 5789 3828 1961 1675 1567 108
is_linear=0
shrinkage=0.05


Tree=25
num_leaves=7
num_cat=0
split_feature=2 4 1 1 4 1
split_gain=78.4322 85.7345 59.5068 41.0365 7.18478 0.424165
threshold=0.70681338029423713 0.00028633723425262468 1.3444213151178519 0.15761258811742451 0.011390583063366671 0.81928236677274546
decision_type=8 8 10 8 8 10
left_child=1 2 -1 -3 5 -2
right_child=4 3 -4 -5 -6 -7
leaf_value=-0.010041471817348303 0.079468108621415443 0.0033162216329048174 0.029052679424581354 0.021627592192190893 0.037205112746236703 0.059486515210735093
leaf_weight=590.4101749509573 25.778382688760757 404.64178235828876 115.52707566320896 1258.8037535101175 30.069075256586075 31.243446961045265
leaf_count=2191 49 1426 293 3372 69 64
internal_value=0.0127125 0.0109849 -0.00361164 0.0171779 0.0590527 0.0697337
internal_weight=2456.47 2369.38 705.937 1663.45 87.0909 57.0218
internal_count=7464 7282 2484 4798 182 113
is_linear=0
shrinkage=0.05


Tree=26
num_leaves=7
num_cat=0
split_feature=2 4 1 0 4 0
split_gain=72.7803 77.2651 53.8074 45.845 6.79755 0.892827
threshold=0.70681338029423713 0.00028633723425262468 1.3444213151178519 50460.235000000001 0.011390583063366671 1951.1650000000002
decision_type=8 8 10 8 8 10
left_child=1 2 -1 -3 5 -2
right_child=4 3 -4 -5 -6 -7
leaf_value=-0.0095657139965570435 0.057133966337484743 0.024872601623475772 0.027622800276488287 0.0082574650145734643 0.03577243969132634 0.078898717268353999
leaf_weight=588.87581810355186 32.262422233819962 805.76889379322529 115.48459173738956 858.42175956070423 29.757746055722237 23.740132465958595
leaf_count=2191 69 2101 293 2697 69 44
internal_value=0.0120925 0.01044 -0.00343789 0.0163123 0.0570844 0.0675826
internal_weight=2454.31 2368.55 704.36 1664.19 85.7603 56.0026
internal_count=7464 7282 2484 4798 182 113
is_linear=0
shrinkage=0.05


Tree=27
num_leaves=7
num_cat=0
split_feature=2 1 3 3 1 1
split_gain=67.5723 61.9603 89.1497 12.272 4.73397 0.660368
threshold=0.92694748721081077 0.94897848397013684 0.011345032473637275 0.13939354480401256 0.89609416015147436 1.4115199768703779
decision_type=8 10 8 10 8 8
left_child=1 2 -1 -3 -2 -6
right_child=4 3 -4 -5 5 -7
leaf_value=-0.0047936852646144543 0.07192908131777731 0.020983242707206667 0.01792383425201198 0.043387200507677179 0.050936033881411408 0.033448548982684061
leaf_weight=984.65518063306808 33.225735604763031 551.07705353200436 767.78155070543289 69.130758836865425 26.302832022309303 19.477480247616768
leaf_count=3587 65 1430 2124 154 58 46
internal_value=0.0115056 0.00997695 0.00516391 0.0235463 0.056714 0.0443699
internal_weight=2451.65 2372.64 1752.44 620.208 79.006 45.7803
internal_count=7464 7295 5711 1584 169 104
is_linear=0
shrinkage=0.05


Tree=28
num_leaves=8
num_cat=0
split_feature=0 3 2 0 2 3 4
split_gain=66.5879 74.7455 58.1257 34.3481 8.03494 4.65438 1.10117
threshold=492.9550000000001 0.053151052754183296 0.48091839036839784 107064.75500000002 0.49738896129319748 0.061070511596883897 3.190020188048227e-06
decision_type=8 8 8 8 8 8 10
left_child=4 2 -2 -3 5 -1 -6
right_child=1 3 -4 -5 6 -7 -8
leaf_value=0.028246977887537907 -0.0014760375278982936 0.035414107049289219 0.055807947767440684 0.011136775598096421 0.034687483450092919 0.015531733249835642 0.056810060272872977
leaf_weight=344.62828934192657 1326.8632784336805 256.49132104218006 44.8113162368536 338.79801894724369 16.645426139235497 96.3989177942276 24.251252979040146
leaf_count=815 4655 622 95 941 40 242 54
internal_value=0.0109483 0.00685975 0.000434669 0.021639 0.0275868 0.0255091 0.0488488
internal_weight=2448.89 1966.96 1371.67 595.289 481.924 441.027 40.8967
internal_count=7464 6313 4750 1563 1151 1057 94
is_linear=0
shrinkage=0.05


Tree=29
num_leaves=8
num_cat=0
split_feature=1 2 0 4 2 4 4
split_gain=61.6963 45.8686 59.2693 28.8562 27.064 31.878 3.83382
threshold=0.39922639496610574 0.063967737516755704 848.21000000000015 0.0030224465378571584 0.70681338029423713 0.00035899846571858747 0.053489761700420684
decision_type=8 8 10 10 8 8 8
left_child=1 2 -1 -3 5 -2 -6
right_child=4 3 -4 -5 6 -7 -8
leaf_value=0.022282969697069218 0.004156587980140884 0.025396844944762326 -0.01289148027344374 -0.02116965426503107 0.055244142744519859 0.020560886222369991 0.026080572900475829
leaf_weight=149.92097671329975 430.2880367487669 226.39056304097176 579.65550746023655 38.188694640994072 48.89183309674263 953.28330689668655 18.300357058644295
leaf_count=367 1302 593 2492 121 108 2436 45
internal_value=0.0104239 0.000826856 -0.00564286 0.0186212 0.0169953 0.0154659 0.0478001
internal_weight=2444.92 994.156 729.576 264.579 1450.76 1383.57 67.1922
internal_count=7464 3573 2859 714 3891 3738 153
is_linear=0
shrinkage=0.05


Tree=30
num_leaves=8
num_cat=0
split_feature=0 1 2 1 3 0 2
split_gain=58.2864 42.8125 29.9111 31.4722 25.0723 19.4277 13.2671
threshold=52554.970000000008 0.17121980121727773 0.0047784660705056459 1.3444213151178519 0.066276576298949216 3154754.7750000008 0.0049123149620074287
decision_type=10 10 8 10 10 10 10
left_child=2 5 3 -1 -3 -2 -4
right_child=1 4 6 -5 -6 -7 -8
leaf_value=0.0065501512983072545 -0.019730250112935065 0.0016489316220006439 0.049516678961638645 0.030462569918377674 0.020544591963348693 0.036281637201447219 0.023973099810072659
leaf_weight=670.02624729275703 242.85957491397858 630.84341813623905 58.572925969958305 172.45978800952435 242.35332895815372 15.625715076923369 406.38157157599926
leaf_count=2046 1110 2062 135 406 629 50 1026
internal_value=0.00992928 0.00161851 0.0171161 0.0114754 0.00691087 -0.0162175 0.0272903
internal_weight=2439.12 1131.68 1307.44 842.486 873.197 258.485 464.954
internal_count=7464 3851 3613 2452 2691 1160 1161
is_linear=0
shrinkage=0.05


Tree=31
num_leaves=7
num_cat=0
split_feature=0 1 3 3 2 1
split_gain=55.0997 71.3532 33.9801 32.1493 6.9881 5.42768
threshold=492.9550000000001 0.1803408874680402 0.091263535182579944 0.0014550455878110217 0.49738896129319748 1.3444213151178519
decision_type=8 8 10 10 8 10
left_child=4 3 -3 -2 5 -1
right_child=1 2 -4 -5 -6 -7
leaf_value=0.019006552217833941 -0.023460267341516114 0.0071175604893049145 0.025627174012900683 0.0034090409883562219 0.045264454268922963 0.031300388940566359
leaf_weight=302.52887506783009 253.0023218691349 1197.1913364678621 312.21144635975361 197.79082219302654 38.157689034938812 133.54428648948669
leaf_count=748 1216 3624 778 695 94 309
internal_value=0.00945478 0.00574835 0.0109606 -0.0116896 0.0247307 0.0228345
internal_weight=2434.43 1960.2 1509.4 450.793 474.231 436.073
internal_count=7464 6313 4402 1911 1151 1057
is_linear=0
shrinkage=0.05


Tree=32
num_leaves=8
num_cat=0
split_feature=4 2 0 0 4 0 4
split_gain=54.086 49.0839 38.2897 38.1119 24.7801 23.4239 0.787587
threshold=0.00028633723425262468 0.37995742425196161 50460.235000000001 79.325000000000017 0.001463477991554962 175840625.75500003 3.190020188048227e-06
decision_type=8 8 8 10 8 10 10
left_child=1 3 4 -1 -2 -4 -3
right_child=2 6 5 -5 -6 -7 -8
leaf_value=0.020565944448935655 0.037182552229105603 0.03885989148004429 0.0050094296859985498 -0.01081131645439308 0.016742667653438462 0.050698327100761137 0.059705191896884703
leaf_weight=115.42351175844669 194.0772383660078 18.776295885443687 841.42874449491501 573.57387217879295 636.91344758868217 28.041156068444252 20.843647658824921
leaf_count=284 468 45 2664 2171 1723 63 46
internal_value=0.00900441 -0.00239147 0.0138859 -0.00553269 0.0215553 0.00653949 0.0510263
internal_weight=2429.08 728.617 1700.46 688.997 830.991 869.47 39.6199
internal_count=7464 2546 4918 2455 2191 2727 91
is_linear=0
shrinkage=0.05


Tree=33
num_leaves=7
num_cat=0
split_feature=2 4 1 0 4 1
split_gain=51.305 57.1513 40.3433 31.7649 6.37986 1.20818
threshold=0.92694748721081077 0.00028633723425262468 1.3444213151178519 50460.235000000001 0.011390583063366671 0.82642902379056371
decision_type=8 8 10 8 8 10
left_child=1 2 -1 -3 5 -2
right_child=4 3 -4 -5 -6 -7
leaf_value=-0.0099855506469636365 0.072263991706063166 0.019550997914602138 0.022403164898430042 0.0056754597909396548 0.027849442518730033 0.048848398784492625
leaf_weight=585.68157009780407 21.465646058320999 795.2733388543129 114.01828637719154 858.14681090414524 25.088280573487282 25.35672453045845
leaf_count=2194 44 2107 293 2701 63 62
internal_value=0.00857364 0.00729038 -0.00468327 0.0123572 0.0498896 0.0608699
internal_weight=2425.03 2353.12 699.7 1653.42 71.9107 46.8224
internal_count=7464 7295 2487 4808 169 106
is_linear=0
shrinkage=0.05


Tree=34
num_leaves=7
num_cat=0
split_feature=2 4 0 4 4 3
split_gain=47.8253 51.5941 35.3873 29.199 6.13268 0.389272
threshold=0.92694748721081077 0.00028633723425262468 79.325000000000017 0.00169795380226627 0.011390583063366671 0.2726834457162034
decision_type=8 8 10 8 8 8
left_child=1 2 -1 -3 5 -2
right_child=4 3 -4 -5 -6 -7
leaf_value=0.020366904864871908 0.065610881040162411 0.023243966272786024 -0.0095458298036537846 0.007897222763146106 0.026800871273198957 0.045723037732922911
leaf_weight=118.18775244057178 28.774317011237144 413.22576326131821 579.84173774719238 1239.3615270256996 24.812622010707855 16.924844548106194
leaf_count=291 61 1146 2196 3662 63 45
internal_value=0.00816283 0.00693418 -0.00445923 0.0117464 0.0484521 0.0593822
internal_weight=2421.13 2350.62 698.029 1652.59 70.5118 45.6992
internal_count=7464 7295 2487 4808 169 106
is_linear=0
shrinkage=0.05


Tree=35
num_leaves=8
num_cat=0
split_feature=1 3 2 4 3 3 4
split_gain=47.3925 58.8032 41.8157 20.8324 9.94992 10.3561 6.50144
threshold=0.94897848397013684 0.0086176258668756254 0.92694748721081077 0.0015270423724512896 0.13939354480401256 0.061070511596883897 2.2085382807689525e-05
decision_type=10 8 8 10 10 10 10
left_child=1 2 -1 -3 5 -2 -6
right_child=4 3 -4 -5 6 -7 -8
leaf_value=-0.0062626431478274283 0.018704084057947989 0.018260229283499307 0.063242744524633368 -0.00037316161823553774 0.055614964183929839 -0.011698555863861669 0.023609482063316395
leaf_weight=953.98286896944046 546.48659919202328 598.41891145706177 21.145736619830132 200.01434324681759 28.163211971521378 28.87382185459137 40.949232518672943
leaf_count=3509 1433 1647 44 589 58 84 100
internal_value=0.00776898 0.00354474 -0.00469217 0.0135978 0.0193704 0.0171607 0.0372589
internal_weight=2418.03 1773.56 975.129 798.433 644.473 575.36 69.1124
internal_count=7464 5789 3553 2236 1675 1517 158
is_linear=0
shrinkage=0.05


Tree=36
num_leaves=8
num_cat=0
split_feature=1 0 3 0 2 3 2
split_gain=44.7409 45.7488 27.723 27.2546 22.8334 10.76 2.57051
threshold=0.1803408874680402 79.325000000000017 0.11169574629063551 46473.500000000007 0.066188627969075917 0.030213519938584076 0.017231760250893877
decision_type=8 10 10 8 8 8 8
left_child=1 6 -3 5 -5 -2 -1
right_child=3 2 -4 4 -6 -7 -8
leaf_value=0.016462682633240217 0.014416367095278547 -0.017814968710455875 0.014921007352075771 0.00088843450008919088 0.018099999138438069 0.027189390998005759 0.034631677694999342
leaf_weight=125.88178814947605 613.22030404210091 378.27666199207306 77.17241482436657 704.13408297300339 264.35477793216705 228.06350810825825 23.616093724966049
leaf_count=313 1665 1714 216 2262 676 564 54
internal_value=0.00739458 -0.0043718 -0.0122476 0.0113279 0.00560026 0.0179072 0.0195439
internal_weight=2414.72 604.947 455.449 1809.77 968.489 841.284 149.498
internal_count=7464 2297 1930 5167 2938 2229 367
is_linear=0
shrinkage=0.05


Tree=37
num_leaves=8
num_cat=0
split_feature=1 4 0 4 3 1 0
split_gain=41.2157 36.3742 34.5892 30.3586 18.6726 18.4525 6.89228
threshold=0.39922639496610574 5.8623152836226196e-05 79.325000000000017 0.0017473727019594375 0.1449633899369781 1.3444213151178519 325145.63500000007
decision_type=8 8 10 10 10 10 10
left_child=1 2 -1 -3 5 -2 -6
right_child=4 3 -4 -5 6 -7 -8
leaf_value=0.029919625231737385 0.0068398752460426693 0.0098005131532554676 -0.029678310568203109 -0.012091176616974855 0.033387078202938882 0.021033169967897756 0.0107600198985611
leaf_weight=27.894370183348656 945.84514163434505 578.93152801692486 158.58982418477535 216.91676856577396 131.88734100759029 301.96136073768139 46.754111662507057
leaf_count=65 2690 1930 772 806 309 770 122
internal_value=0.00704463 -0.000837043 -0.0206516 0.00382602 0.0124692 0.0102887 0.027558
internal_weight=2408.78 982.332 186.484 795.848 1426.45 1247.81 178.641
internal_count=7464 3573 837 2736 3891 3460 431
is_linear=0
shrinkage=0.05


Tree=38
num_leaves=7
num_cat=0
split_feature=2 1 0 0 1 0
split_gain=42.0183 37.4384 41.5454 20.7752 4.44526 1.56012
threshold=0.92694748721081077 0.1803408874680402 79.325000000000017 48800.480000000018 1.4115199768703779 1951.1650000000002
decision_type=8 8 10 8 8 10
left_child=1 2 -1 -3 5 -2
right_child=4 3 -4 -5 -6 -7
leaf_value=0.017754442118015332 0.041821844296131595 0.015137184539456406 -0.012879382550814262 0.0041940100878779729 0.021235313911942701 0.064455603507115489
leaf_weight=146.22024390101433 28.403593987226486 806.55248466134071 445.37812748551369 939.21133218705654 16.732798039913177 22.145779550075531
leaf_count=361 79 2149 1918 2867 46 44
internal_value=0.00670515 0.00557316 -0.0052907 0.00925559 0.0453727 0.0527957
internal_weight=2404.64 2337.36 591.598 1745.76 67.2822 50.5494
internal_count=7464 7295 2279 5016 169 123
is_linear=0
shrinkage=0.05


Tree=39
num_leaves=8
num_cat=0
split_feature=4 1 3 0 4 0 4
split_gain=38.5841 34.3556 34.9795 26.5704 21.6562 21.0109 10.0293
threshold=0.00028633723425262468 1.3444213151178519 0.16949926711145744 50460.235000000001 0.00057141606783953601 175840625.75500003 0.00011941491469448695
decision_type=8 10 8 8 8 10 10
left_child=1 2 -1 4 -2 -5 -3
right_child=3 6 -4 5 -6 -7 -8
leaf_value=-0.012686353362775482 0.042335315925974767 0.026644491545181715 0.025150523582335129 0.0029826218433510721 0.014352678084513388 0.046329398198555173 -0.012792267899430743
leaf_weight=525.64465440809727 75.716201633214951 104.18346039950848 68.159247025847435 840.48343423008919 739.11645603179932 27.927607268095016 18.420872494578362
leaf_count=2046 178 265 180 2664 2013 63 55
internal_value=0.00638693 -0.00332821 -0.0083083 0.0105213 0.0170016 0.00442831 0.0206637
internal_weight=2399.65 716.408 593.804 1683.24 814.833 868.411 122.604
internal_count=7464 2546 2226 4918 2191 2727 320
is_linear=0
shrinkage=0.05


Tree=40
num_leaves=8
num_cat=0
split_feature=4 3 1 0 4 1 1
split_gain=34.8573 31.1326 32.437 24.1246 19.8766 19.7638 6.6011
threshold=0.00028633723425262468 0.16949926711145744 1.3444213151178519 50460.235000000001 0.00057141606783953601 0.11148247534916629 0.33275933183155709
decision_type=8 8 10 8 8 8 10
left_child=1 2 -1 4 -2 -5 -3
right_child=3 6 -4 5 -6 -7 -8
leaf_value=-0.012095221400320873 0.040567182665776844 0.0070252541299830164 0.017907019385152764 -0.013396208787451784 0.013663043189207297 0.0074297286894217289 0.036370630825128251
leaf_weight=523.86332632601261 75.124313086271286 31.105931296944618 107.83471927046776 133.84787288308144 737.68951846659184 734.76032702624798 51.422387570142746
leaf_count=2046 178 90 283 579 2013 2148 127
internal_value=0.00608087 -0.00316997 -0.00695345 0.0100099 0.0161965 0.00420885 0.0255265
internal_weight=2395.65 714.226 631.698 1681.42 812.814 868.608 82.5283
internal_count=7464 2546 2329 4918 2191 2727 217
is_linear=0
shrinkage=0.05


Tree=41
num_leaves=7
num_cat=0
split_feature=2 4 0 4 4 0
split_gain=38.5829 37.3852 25.901 22.5117 6.41507 1.61694
threshold=0.92694748721081077 0.00026698796214686429 79.325000000000017 0.00169795380226627 0.011390583063366671 4014.0800000000004
decision_type=8 8 10 8 8 10
left_child=1 2 -1 -3 5 -2
right_child=4 3 -4 -5 -6 -7
leaf_value=0.016371046036119261 0.043154306995088418 0.018797907529545924 -0.00956228519041891 0.0053692741195119024 0.021143115167628412 0.068814656784760106
leaf_weight=115.11763480305672 24.499118402600288 418.00637616217136 563.94086821377277 1228.7447648048401 23.293227031826973 17.287232205271721
leaf_count=289 72 1178 2166 3662 63 34
internal_value=0.00579065 0.0047181 -0.00514832 0.0087873 0.0434697 0.0551303
internal_weight=2390.89 2325.81 679.059 1646.75 65.0796 41.7864
internal_count=7464 7295 2455 4840 169 106
is_linear=0
shrinkage=0.05


Tree=42
num_leaves=7
num_cat=0
split_feature=2 4 1 4 4 0
split_gain=35.9172 33.7824 24.2459 21.2002 6.16051 1.41737
threshold=0.92694748721081077 0.00028633723425262468 0.74013571596177374 0.00169795380226627 0.011390583063366671 4014.0800000000004
decision_type=8 8 10 8 8 10
left_child=1 2 -1 -3 5 -2
right_child=4 3 -4 -5 -6 -7
leaf_value=-0.012129316759359608 0.042216131142901132 0.018245770109545388 0.0072217989302404296 0.0051011458670999141 0.020323739168546517 0.066968034157312256
leaf_weight=427.15793165564537 23.830715700984001 408.42100097239017 259.4274936914444 1228.7172192931175 23.066900834441185 16.912818029522896
leaf_count=1737 72 1146 750 3662 63 34
internal_value=0.00551285 0.00448684 -0.0048176 0.0083895 0.0422304 0.0538489
internal_weight=2387.53 2323.72 686.585 1637.14 63.8104 40.7435
internal_count=7464 7295 2487 4808 169 106
is_linear=0
shrinkage=0.05


Tree=43
num_leaves=7
num_cat=0
split_feature=2 4 0 0 4 0
split_gain=33.4581 30.9437 23.3405 20.1983 6.08115 0.506594
threshold=0.70681338029423713 0.00026698796214686429 79.325000000000017 50460.235000000001 0.011390583063366671 4014.0800000000004
decision_type=8 8 10 8 8 10
left_child=1 2 -1 -3 5 -2
right_child=4 3 -4 -5 -6 -7
leaf_value=0.015672127327856927 0.041636217378691706 0.013751147035686993 -0.0089996059397166196 0.0026478887819937438 0.019080413067680227 0.06028075368234679
leaf_weight=114.68969617784023 23.577572882175446 780.31130622327328 559.64431005716324 862.18342737853527 25.118159756064415 18.890280395746231
leaf_count=289 73 2114 2163 2716 69 40
internal_value=0.00524761 0.00422683 -0.00478648 0.00792795 0.0396679 0.0511256
internal_weight=2384.41 2316.83 674.334 1642.49 67.586 42.4679
internal_count=7464 7282 2452 4830 182 113
is_linear=0
shrinkage=0.05


Tree=44
num_leaves=8
num_cat=0
split_feature=1 1 4 2 4 4 4
split_gain=32.7179 29.5232 41.4136 18.1333 18.0893 16.2536 5.09925
threshold=0.1803408874680402 1.0000000180025095e-35 7.5211339543492751e-05 0.70681338029423713 0.00028633723425262468 1.0091629710011319e-06 0.11927442229586116
decision_type=8 10 10 8 8 10 8
left_child=1 5 -3 4 -2 -1 -5
right_child=3 2 -4 6 -6 -7 -8
leaf_value=0.016970760826255468 -0.00029163974640271617 -0.03513770928503604 -0.00030771512877771139 0.044616952569861812 0.010831992077819104 -0.010956304185913882 0.009721918835610065
leaf_weight=166.69882833957672 524.69391876459122 141.83365480601788 212.08631493151188 42.192603051662445 1203.1120387762785 74.767555147409439 14.694020196795462
leaf_count=485 1732 728 841 119 3274 243 42
internal_value=0.00499805 -0.00514528 -0.0143255 0.00838292 0.00745579 0.00831391 0.0359271
internal_weight=2380.08 595.386 353.92 1784.69 1727.81 241.466 56.8866
internal_count=7464 2297 1569 5167 5006 728 161
is_linear=0
shrinkage=0.05


Tree=45
num_leaves=8
num_cat=0
split_feature=1 3 0 0 3 3 4
split_gain=30.0955 42.473 37.7252 21.4063 9.19249 10.1559 6.49493
threshold=0.99488803429651795 0.0086176258668756254 708.66500000000008 77727.24500000001 0.13939354480401256 0.00014103203997627311 2.2085382807689525e-05
decision_type=10 8 10 8 10 10 10
left_child=1 2 -1 -3 5 -2 -6
right_child=4 3 -4 -5 6 -7 -8
leaf_value=0.015220071581643979 0.016687820232901048 0.019650695717552583 -0.010064604765814668 0.003092836396327776 0.052790789143723343 0.0012824389329505325 0.018918157822282608
leaf_weight=179.6688369512558 380.57421979308128 336.25189059972763 804.45387607812881 464.50047159194946 23.878798767924309 148.90932469069958 37.249112635850906
leaf_count=457 1014 885 3159 1388 50 417 94
internal_value=0.00475788 0.00151756 -0.00543768 0.0100616 0.0145313 0.0123659 0.0327868
internal_weight=2375.49 1784.88 984.123 800.752 590.611 529.484 61.1279
internal_count=7464 5889 3616 2273 1575 1431 144
is_linear=0
shrinkage=0.05


Tree=46
num_leaves=7
num_cat=0
split_feature=2 3 0 0 4 0
split_gain=29.4454 26.4363 44.8252 19.0552 5.74522 1.24074
threshold=0.92694748721081077 0.0086176258668756254 708.66500000000008 107064.75500000002 0.011390583063366671 4014.0800000000004
decision_type=8 8 10 8 8 10
left_child=1 2 -1 -3 5 -2
right_child=4 3 -4 -5 -6 -7
leaf_value=0.015663094685411751 0.039114009646724374 0.017127466875149468 -0.0058111715807351166 0.0029469133805052846 0.017641374210674254 0.063173697273915586
leaf_weight=315.34214471280575 21.65764594823122 473.02987605333328 1047.345708116889 474.57812868058681 22.29434697329998 15.908946260809897
leaf_count=799 72 1249 3842 1405 63 34
internal_value=0.00453305 0.00362706 -0.00083393 0.0100362 0.0388653 0.0506768
internal_weight=2370.16 2310.3 1362.69 947.608 59.8609 37.5666
internal_count=7464 7295 4641 2654 169 106
is_linear=0
shrinkage=0.05


Tree=47
num_leaves=7
num_cat=0
split_feature=2 4 3 4 4 0
split_gain=27.3982 24.6211 22.4603 19.1136 5.52879 1.12093
threshold=0.92694748721081077 0.00028633723425262468 0.16949926711145744 0.00169795380226627 0.011390583063366671 4014.0800000000004
decision_type=8 8 8 8 8 10
left_child=1 2 -1 -3 5 -2
right_child=4 3 -4 -5 -6 -7
leaf_value=-0.0077048395558050962 0.038243907257582865 0.016182805145091479 0.02144742230862887 0.0036609601883560343 0.016941063594781758 0.061694490495943444
leaf_weight=606.16452221572399 21.080409593880177 405.44739885628223 73.169215574860573 1221.7024284154177 22.101509630680084 15.509999513626097
leaf_count=2295 72 1146 192 3662 63 34
internal_value=0.00431952 0.0034524 -0.00453802 0.00678913 0.0377669 0.049561
internal_weight=2365.18 2306.48 679.334 1627.15 58.6919 36.5904
internal_count=7464 7295 2487 4808 169 106
is_linear=0
shrinkage=0.05


Tree=48
num_leaves=8
num_cat=0
split_feature=1 0 4 1 1 0 4
split_gain=29.1466 26.976 32.6095 14.1368 22.1901 6.65669 3.5842
threshold=0.1803408874680402 79.325000000000017 6.8403453693821961e-05 1.3444213151178519 1.3332514821869723 1159641.6950000001 1.0091629710011319e-06
decision_type=8 10 8 10 10 10 8
left_child=1 6 -3 4 -2 -5 -1
right_child=3 2 -4 5 -6 -7 -8
leaf_value=0.031666963796578233 0.0058770172283987808 -0.04077473970292058 -0.0053210936617433709 0.014486273627531049 -0.051839372135850798 0.039864701952796275 0.0097408111437082903
leaf_weight=21.423045486211777 1436.495463386178 77.875899761915207 367.34510360658169 292.27073584496975 15.856818065047262 27.862016424536705 123.34302811324596
leaf_count=49 4269 473 1457 774 58 66 318
internal_value=0.00411193 -0.00550752 -0.0116 0.00731515 0.00521163 0.0168123 0.0131805
internal_weight=2362.47 589.987 445.221 1772.49 1452.35 320.133 144.766
internal_count=7464 2297 1930 5167 4327 840 367
is_linear=0
shrinkage=0.05


Tree=49
num_leaves=8
num_cat=0
split_feature=1 1 2 4 2 4 4
split_gain=26.4064 24.341 31.3401 15.002 14.2991 15.0075 4.6792
threshold=0.17121980121727773 1.0000000180025095e-35 0.096600491457904197 1.0091629710011319e-06 0.70681338029423713 0.00028633723425262468 0.11927442229586116
decision_type=8 10 8 10 8 8 8
left_child=1 3 -3 -1 5 -2 -6
right_child=4 2 -4 -5 6 -7 -8
leaf_value=0.014991824291980135 -0.00093946328876796958 -0.022319881850011186 0.015358863527885387 -0.011969273075004156 0.041101278626179134 0.0091604130137932557 0.0071242924695902087
leaf_weight=164.99112153053284 527.76655419170856 258.27568897604942 69.344678536057472 73.994150817394257 38.681760035455227 1211.1950501948595 14.252920687198637
leaf_count=485 1757 1295 196 243 119 3327 42
internal_value=0.00391243 -0.00548921 -0.0143223 0.00662909 0.00688667 0.00609637 0.0322545
internal_weight=2358.5 566.606 327.62 238.985 1791.9 1738.96 52.9347
internal_count=7464 2219 1491 728 5245 5084 161
is_linear=0
shrinkage=0.05


end of trees

feature_importances:
e_ar_issued_lag1=81
f_fc_r_lag3=74
e_ar_issued_lag_cv=68
e_credit_note_ratio=64
e_credit_note_ratio_lag1=44

parameters:
[boosting: gbdt]
[objective: binary]
[metric: binary_logloss]
[tree_learner: serial]
[device_type: cpu]
[data_sample_strategy: bagging]
[data: ]
[valid: ]
[num_iterations: 50]
[learning_rate: 0.05]
[num_leaves: 8]
[num_threads: 1]
[seed: 20260918]
[deterministic: 0]
[force_col_wise: 0]
[force_row_wise: 0]
[histogram_pool_size: -1]
[max_depth: 3]
[min_data_in_leaf: 40]
[min_sum_hessian_in_leaf: 0.001]
[bagging_fraction: 0.8]
[pos_bagging_fraction: 1]
[neg_bagging_fraction: 1]
[bagging_freq: 0]
[bagging_seed: 31875]
[bagging_by_query: 0]
[feature_fraction: 0.8]
[feature_fraction_bynode: 1]
[feature_fraction_seed: 13233]
[extra_trees: 0]
[extra_seed: 32639]
[early_stopping_round: 0]
[early_stopping_min_delta: 0]
[first_metric_only: 0]
[max_delta_step: 0]
[lambda_l1: 0]
[lambda_l2: 1]
[linear_lambda: 0]
[min_gain_to_split: 0]
[drop_rate: 0.1]
[max_drop: 50]
[skip_drop: 0.5]
[xgboost_dart_mode: 0]
[uniform_drop: 0]
[drop_seed: 19828]
[top_rate: 0.2]
[other_rate: 0.1]
[min_data_per_group: 100]
[max_cat_threshold: 32]
[cat_l2: 10]
[cat_smooth: 10]
[max_cat_to_onehot: 4]
[top_k: 20]
[monotone_constraints: ]
[monotone_constraints_method: basic]
[monotone_penalty: 0]
[feature_contri: ]
[forcedsplits_filename: ]
[refit_decay_rate: 0.9]
[cegb_tradeoff: 1]
[cegb_penalty_split: 0]
[cegb_penalty_feature_lazy: ]
[cegb_penalty_feature_coupled: ]
[path_smooth: 0]
[interaction_constraints: ]
[verbosity: -1]
[saved_feature_importance_type: 0]
[use_quantized_grad: 0]
[num_grad_quant_bins: 4]
[quant_train_renew_leaf: 0]
[stochastic_rounding: 1]
[linear_tree: 0]
[max_bin: 255]
[max_bin_by_feature: ]
[min_data_in_bin: 3]
[bin_construct_sample_cnt: 200000]
[data_random_seed: 5079]
[is_enable_sparse: 1]
[enable_bundle: 1]
[use_missing: 1]
[zero_as_missing: 0]
[feature_pre_filter: 1]
[pre_partition: 0]
[two_round: 0]
[header: 0]
[label_column: ]
[weight_column: ]
[group_column: ]
[ignore_column: ]
[categorical_feature: ]
[forcedbins_filename: ]
[precise_float_parser: 0]
[parser_config_file: ]
[objective_seed: 18429]
[num_class: 1]
[is_unbalance: 0]
[scale_pos_weight: 2.47324]
[sigmoid: 1]
[boost_from_average: 1]
[reg_sqrt: 0]
[alpha: 0.9]
[fair_c: 1]
[poisson_max_delta_step: 0.7]
[tweedie_variance_power: 1.5]
[lambdarank_truncation_level: 30]
[lambdarank_norm: 1]
[label_gain: ]
[lambdarank_position_bias_regularization: 0]
[eval_at: ]
[multi_error_top_k: 1]
[auc_mu_weights: ]
[num_machines: 1]
[local_listen_port: 12400]
[time_out: 120]
[machine_list_filename: ]
[machines: ]
[gpu_platform_id: -1]
[gpu_device_id: -1]
[gpu_device_id_list: ]
[gpu_use_dp: 0]
[num_gpu: 1]

end of parameters

pandas_categorical:[]
